name: otama
channels:
  - defaults
  - conda-forge
dependencies:
  - altgraph=0.17.4=py310haa95532_0
  - aom=3.6.1=h63175ca_0
  - aubio=0.4.9=py310hb40b5c4_9
  - blas=1.0=mkl
  - bzip2=1.0.8=h2bbff1b_6
  - ca-certificates=2026.2.25=h4c7d964_0
  - cffi=2.0.0=py310h29418f3_1
  - ffmpeg=4.4.2=gpl_hf960ced_113
  - font-ttf-dejavu-sans-mono=2.37=hab24e00_0
  - font-ttf-inconsolata=3.000=h77eed37_0
  - font-ttf-source-code-pro=2.038=h77eed37_0
  - font-ttf-ubuntu=0.83=h77eed37_3
  - fontconfig=2.17.1=hd47e2ca_0
  - fonts-conda-ecosystem=1=0
  - fonts-conda-forge=1=hc364b38_1
  - freetype=2.14.2=h57928b3_0
  - intel-openmp=2025.0.0=haa95532_1164
  - libexpat=2.7.4=hd7fb8db_0
  - libffi=3.4.4=hd77b12b_1
  - libfreetype=2.14.2=h57928b3_0
  - libfreetype6=2.14.2=hdbac1cb_0
  - libhwloc=2.12.1=default_hfa10c62_1000
  - libiconv=1.18=hc89ec93_0
  - libpng=1.6.55=h7351971_0
  - libxml2=2.13.9=h6201b9f_0
  - libzlib=1.3.1=h02ab6af_0
  - mkl=2025.0.0=h5da7b33_930
  - mkl-service=2.5.2=py310h0b37514_0
  - mkl_fft=2.1.1=py310h300f80d_0
  - mkl_random=1.3.0=py310ha5e6156_0
  - numpy=1.26.4=py310h12f7302_1
  - numpy-base=1.26.4=py310he4e2855_1
  - openh264=2.3.1=h63175ca_2
  - openssl=3.6.1=hf411b9b_1
  - packaging=25.0=py310haa95532_1
  - pefile=2023.2.7=py310haa95532_0
  - pip=26.0.1=pyhc872135_0
  - portaudio=19.7.0=he0c23c2_0
  - pycparser=2.22=pyh29332c3_1
  - pyinstaller=6.12.0=py310h0416ee5_0
  - pyinstaller-hooks-contrib=2025.1=py310haa95532_0
  - python=3.10.20=h1044e36_0
  - python-sounddevice=0.5.5=py310h5588dad_0
  - python_abi=3.10=2_cp310
  - pywin32-ctypes=0.2.3=py310haa95532_0
  - setuptools=80.10.2=py310haa95532_0
  - sqlite=3.51.2=hee5a0db_0
  - svt-av1=1.4.1=h63175ca_0
  - tbb=2022.3.0=h90c84d6_0
  - tbb-devel=2022.3.0=h90c84d6_0
  - tk=8.6.15=hf199647_0
  - tzdata=2026a=he532380_0
  - ucrt=10.0.22621.0=haa95532_0
  - vc=14.3=h2df5915_10
  - vc14_runtime=14.44.35208=h4927774_10
  - vs2015_runtime=14.44.35208=ha6b5a95_10
  - wheel=0.46.3=py310haa95532_0
  - x264=1!164.3095=h8ffe710_2
  - x265=3.5=h2d74725_3
  - xz=5.8.2=h53af0af_0
  - zlib=1.3.1=h02ab6af_0
